328.2636036446844, 17.698855161833414
328.26394089217143, 17.70945207095572
328.2610835500103, 17.710948629725245
328.259185809204, 17.712325367783198
328.2729191386567, 17.69239748787128
328.2642547859472, 17.684119426491495
328.27573761277426, 17.68780666043073
328.2726836580248, 17.715344904707795
328.27072710985584, 17.7192645862454
328.2427365348096, 17.71536189921943
328.28516271378095, 17.715985458174536
328.27842667372835, 17.72623823192122
328.2816721887832, 17.668564913075453
328.2693440238816, 17.737708839340634
328.2762254489679, 17.663483822387157
328.2954857898275, 17.72461458963238
328.2900054237279, 17.73166526774419
328.22687136499303, 17.73022297389062
328.2619582993894, 17.74356205025239
328.21671242174716, 17.682150402502334
328.23143378690173, 17.735311520459433
328.27454326511054, 17.65647609976521
328.2810577529222, 17.742145098941858
328.3061303377597, 17.717776603848
328.2422827603482, 17.653724829199877
328.206024926775, 17.698720198511186
328.24851306544645, 17.64941563347769
328.22405170657214, 17.738941588798955
328.25631781879605, 17.645801202276342
328.31237224103444, 17.71961290226745
328.2436059436835, 17.753801031804347
328.19867356993785, 17.695692401805626
328.316234327604, 17.674577748979935
328.26499215426406, 17.6398979146291
328.31828794150766, 17.723692255498058
328.1948795385646, 17.69963854926275
328.1985881214786, 17.720504389232214
328.32026535362394, 17.72271038099123
328.2675199647246, 17.636666038265943
328.3250146390902, 17.684783358761354
328.3051316134191, 17.651492073468876
328.3245411799807, 17.719333819400244
328.27697619225506, 17.636160292182314
328.28025873417477, 17.763199867857345
328.2580793909113, 17.766283183988392
328.21784351789177, 17.645643647469104
328.3010754234988, 17.645576821935226
328.33005557216904, 17.695816118572395
328.3209694656518, 17.66628777117259
328.18777986165185, 17.698687798748036
328.32873693574186, 17.71724374632404
328.2680497336531, 17.767593539741082
328.2278713037563, 17.637142796433963
328.3139432327538, 17.652763957507016
328.25605700756404, 17.62971671362519
328.19069287438634, 17.72574282524318
328.3323461613401, 17.68618194743267
328.3339499857329, 17.695036765306423
328.2545601498843, 17.772167209075565
328.2747480136531, 17.628012299147905
328.2626413250457, 17.62631985528598
328.19445431626525, 17.65886218990103
328.1872705389903, 17.729522787401454
328.3330480489639, 17.728325999358056
328.254301888302, 17.623671316829128
328.2661969313414, 17.62355623161804
328.18996286207573, 17.738670272129816
328.23564847337394, 17.62600555789012
328.2004562454317, 17.646300188886784
328.30816225539434, 17.762246374021267
328.34131115358485, 17.71056865744979
328.3225512214488, 17.64730359678043
328.3258941556453, 17.650530845246514
328.3153281294086, 17.639598239667354
328.1845632273954, 17.662527247718554
328.3360710432161, 17.66317695233048
328.19605515222713, 17.75452548841603
328.2340393123029, 17.777577103123384
328.32338878158924, 17.644982331806844
328.2089136032323, 17.76620730622479
328.34330665946516, 17.723002183438503
328.1722527744856, 17.706937299998252
328.26976576758943, 17.783095444917716
328.29182866150865, 17.62058628822789
328.1781523121069, 17.734613968325945
328.2347683827275, 17.781855715482642
328.2202901735419, 17.6223399671111
328.3403549188507, 17.661311827187188
328.2181170458985, 17.622986622007378
328.2533344082009, 17.612662752295172
328.2240770138785, 17.619203973191116
328.22181837543, 17.619794416406176
328.2821348089847, 17.613937626768493
328.2098744254843, 17.77435878469765
328.3342762810738, 17.646963398445504
328.185829712787, 17.644181305826287
328.16776642297486, 17.678849108386284
328.1736000903835, 17.662538557955465
328.23931958449793, 17.611268029544092
328.3116478091664, 17.62402442584663
328.1835660871317, 17.644953151096505
328.20936711132526, 17.777062260274846
328.35164952315637, 17.674317674614766
328.19471659887967, 17.63140033541313
328.17663656156543, 17.65234378693064
328.198267116247, 17.77098894518617
328.3533717249461, 17.67651049760881
328.2807073397593, 17.790382993210333
328.26005173948346, 17.606591025209866
328.2671542533416, 17.606762741803532
328.16116650759847, 17.704801454769314
328.2730360834288, 17.6064037333961
328.1722192228913, 17.745905351426895
328.24006650667746, 17.793323809740098
328.3219379672059, 17.623963976706104
328.2365132036583, 17.605502875161907
328.36007505298903, 17.68154567277997
328.27097656898235, 17.60265027468772
328.2616926964772, 17.601860288293324
328.22674386689783, 17.792378077728863
328.3516906223331, 17.65626410439908
328.26687300912937, 17.79736389134528
328.1949560313161, 17.776843977026324
328.17334031800044, 17.75474757885247
328.21674228770667, 17.609351322127843
328.3094547582096, 17.612240495927548
328.34076696209024, 17.762245027456892
328.2464944195915, 17.798847301341276
328.20738687930503, 17.612359198859092
328.336515828111, 17.768296370930024
328.23354492187735, 17.79773792376456
328.17189505294425, 17.758496095695843
328.25655891420195, 17.801948939004593
328.22434641038853, 17.79680228899377
328.15572372237864, 17.729795657842857
328.1834206789559, 17.623900613153598
328.34355778837147, 17.63181002968626
328.2775572420643, 17.803553561837667
328.3698607332322, 17.69182682501613
328.2714060845089, 17.80537547770251
328.21107791188007, 17.795545446220096
328.1702098806521, 17.765099703116093
328.28111646275653, 17.59363950624273
328.361941634816, 17.6529458396568
328.1484932524036, 17.67624740663948
328.1545736154336, 17.65774035612479
328.314617063314, 17.604534772980625
328.24918662714634, 17.80800770628569
328.1616791834976, 17.756679358237804
328.3739928125438, 17.708842617482276
328.35807494574357, 17.756075004157378
328.28507472078775, 17.806875295504664
328.15826596467997, 17.64638743770217
328.1890333457971, 17.612171194295367
328.225772699221, 17.593962098149976
328.1430803561269, 17.6947761282718
328.19986142645934, 17.795142524318006
328.30697893611375, 17.59808953814786
328.17392040727407, 17.776203485791832
328.15999649302034, 17.759305085629972
328.20655442103856, 17.599602468831588
328.1927389507725, 17.60650868201089
328.18760624943366, 17.60977506660675
328.3397789436626, 17.616238793351087
328.1532350720449, 17.75055848192444
328.26972600252884, 17.586414971393673
328.15149981929835, 17.748736235001164
328.36456057939483, 17.645106626590113
328.343664221809, 17.618433826956597
328.1392491483987, 17.703419662780963
328.2357176102685, 17.586004337069852
328.31351895091126, 17.803875266496934
328.18554705795964, 17.606159063200217
328.20071706610054, 17.596351637924293
328.3543515327126, 17.775332528643688
328.13849419371047, 17.724936837697978
328.2572435373954, 17.817613404135336
328.3295153721125, 17.602222739455748
328.3823222549714, 17.678104919629597
328.3597109766656, 17.771516233610374
328.34853818192926, 17.78426094372666
328.3624524495564, 17.768686922440953
328.2228228128137, 17.814724959955978
328.3087970466144, 17.8103754448188
328.1604633112642, 17.775042693889894
328.2510356950997, 17.820102695395345
328.3773906829102, 17.744628092956585
328.1369436240772, 17.73235533565209
328.1441495432699, 17.64691558503737
328.286368034753, 17.57997975627602
328.1668688330699, 17.614562418441743
328.3084432887817, 17.812921620739456
328.13477964012844, 17.734334946766456
328.136273876216, 17.66007992027633
328.27691197031095, 17.57618029095737
328.36731870533646, 17.77027377633658
328.12849362495336, 17.70119616357824
328.3319511033611, 17.595153845622775
328.15845936228754, 17.61942025245715
328.25522128006327, 17.82508877822752
328.24357410544405, 17.574895910514634
328.12761376732334, 17.69411617451845
328.33436022360775, 17.596083236768155
328.18175943357824, 17.801559990036388
328.3278085426205, 17.80757831268098
328.145038419219, 17.764464155255
328.3111671327971, 17.581863987797995
328.1486789546539, 17.77175267981593
328.38985244567306, 17.663874558712934
328.3286232261954, 17.81118488463868
328.1233230523778, 17.695901211906065
328.19879600401316, 17.582426444679747
328.15558095889594, 17.61392599075497
328.2712771599058, 17.830041179677746
328.1268362310311, 17.665013637184412
328.12506375549293, 17.729136539663543
328.2432762031083, 17.568632656927036
328.13109612259063, 17.649946292562007
328.1914934118246, 17.583365954940344
328.38546492522755, 17.75972838508591
328.39799434715627, 17.67065957319549
328.2570120345644, 17.564302689544707
328.3108399730484, 17.82584992265755
328.1208743746977, 17.72988012300791
328.39027593927506, 17.646325110305938
328.31638958791245, 17.824411906476556
328.18343566851576, 17.815050451737726
328.2444575642739, 17.564006467225553
328.2543783053213, 17.56239355018396
328.1274621849439, 17.643767048552515
328.17632163128036, 17.585943599695188
328.15888579138226, 17.598537311909315
328.1964912289888, 17.573819653719404
328.2089738780398, 17.56803700754298
328.1687000962845, 17.81005258817729
328.2110475803051, 17.56676378533844
328.20285879951393, 17.82976955204771
328.1222805433691, 17.75372059616914
328.3115438468377, 17.832401577095958
328.34412745702656, 17.81623608777467
328.1339829974301, 17.62332083473535
328.40633757695286, 17.723178858051313
328.16850153505413, 17.81223134273495
328.1432224651477, 17.60945504424706
328.21638249782177, 17.83729380756809
328.16989884775944, 17.58384162007936
328.33995977421245, 17.576474026752674
328.1454776541144, 17.60293211414193
328.1263214865763, 17.771543140236794
328.13568152416383, 17.613803797840234
328.284548263676, 17.555172901324422
328.30144781467294, 17.841532785676424
328.11914952634106, 17.76370143459046
328.41519975045804, 17.687763991095473
328.2095591998239, 17.840766318749832
328.3677831999589, 17.808810053402176
328.4130672419473, 17.733751459788333
328.1519023033014, 17.589313048774745
328.2027556733018, 17.5588726212683
328.3952611470254, 17.778164854963965
328.25829933024113, 17.853143894517736
328.1082580153544, 17.753777063235393
328.1125240742052, 17.635632397083313
328.34931499114094, 17.57125278060415
328.1278992281674, 17.609566260466
328.0980880592445, 17.71556911359018
328.10200309793447, 17.66238948677544
328.4084881332316, 17.637718261471495
328.41055623466826, 17.641933112273925
328.3031293778512, 17.550184312250973
328.19238587958625, 17.5567260956621
328.0952562180887, 17.693587227901943
328.4240238060764, 17.700136819122942
328.4231706512466, 17.71689215774846
328.0947422113486, 17.686567309453636
328.4208112390878, 17.734463845971845
328.3881444857824, 17.798844483531106
328.3951819947294, 17.608725852467746
328.28930113572045, 17.855509108741575
328.14184730274417, 17.586058448232816
328.27880640701, 17.858189496225
328.09199573346746, 17.71375737658174
328.4056710843776, 17.620246033667488
328.1837765807988, 17.556306953300364
328.27566782902016, 17.85934848298028
328.09617960480153, 17.65931768256669
328.1966901558504, 17.550133196244598
328.3303326940355, 17.553436918993793
328.27127315872207, 17.53865661468985
328.1010984883023, 17.760742186410216
328.09153946395946, 17.667437998198245
328.22128516527584, 17.85876860018893
328.1522327539453, 17.827331731386742
328.12738788166035, 17.80416723214737
328.0872827870076, 17.705515049829675
328.0959637572082, 17.75449030630215
328.3871965549834, 17.8117478658797
328.4332342885628, 17.701895690056592
328.37347735373186, 17.824686656689277
328.0891601190025, 17.733262402045565
328.43071937786436, 17.728724327253616
328.1370213076968, 17.58171216310989
328.28080794021577, 17.53485095377277
328.41828061588416, 17.768296684497123
328.22622170046037, 17.536254990386954
328.2397080377805, 17.865190477442287
328.2091663822116, 17.85931586951516
328.0892232805394, 17.738947910899412
328.28395083427, 17.533606510514698
328.09177626478515, 17.64620182947625
328.2403238048192, 17.867160756815057
328.0837466088959, 17.71956022237911
328.2394683269908, 17.531689524059153
328.1947386691557, 17.542217979935966
328.20573423444347, 17.86087211087284
328.11098080975063, 17.606109513554156
328.1084815626933, 17.609550074248535
328.34615217347783, 17.551034015549565
328.092443086382, 17.639612985333077
328.0934010973117, 17.762499522536295
328.08476552678474, 17.66307371552249
328.24849395150056, 17.86977127979049
328.3413858016455, 17.54789913665566
328.2639095592882, 17.52870818989692
328.38554087728716, 17.576683083699507
328.3335467691248, 17.85663734267502
328.17333598073947, 17.85115845177085
328.3891100780531, 17.820133129071987
328.20746460982343, 17.864976270911807
328.31962669670855, 17.536655494555088
328.23174480907255, 17.528821641284082
328.43735864635073, 17.734134906267812
328.0909961907084, 17.764186084804276
328.35239087662916, 17.84823086924463
328.18093759847903, 17.54339739674223
328.4005937232915, 17.590249817815604
328.43926428815365, 17.672362226135252
328.20200560384234, 17.534709184169426
328.25993782154916, 17.87375439117437
328.08012980216654, 17.661393833865368
328.25855714999926, 17.524432490177663
328.0933271325268, 17.624489483884116
328.4400187062254, 17.665648489939077
328.07534362346144, 17.698235830170482
328.09386200167944, 17.777456604182913
328.33742501322257, 17.859927675745453
328.27518407195015, 17.87566435681256
328.432202949643, 17.634094458030333
328.413146883745, 17.599225806717374
328.43761002708874, 17.646917504159262
328.4022594606023, 17.814201880338203
328.44578741136996, 17.710846760669856
328.14173058620554, 17.561334729875735
328.33315110914543, 17.53590783393353
328.11209379420063, 17.80932970004225
328.11754261085105, 17.58319069924161
328.0923719221289, 17.61878775128013
328.4451122004557, 17.673867048165405
328.10386782353424, 17.799605596336146
328.3365053012516, 17.862896293955803
328.0851970140219, 17.632332443301934
328.25914603247486, 17.52031257586014
328.2980931363407, 17.875215155144932
328.383348945576, 17.56423613995336
328.4174496087444, 17.797972512869144
328.0706415659949, 17.693045278232713
328.44834347131393, 17.68384424764385
328.0929656647419, 17.61266492685345
328.148811875762, 17.847412222500626
328.4380478145215, 17.633364558242086
328.2406051613913, 17.881488641541505
328.4504355142499, 17.717490089405512
328.4241172175283, 17.79387565204336
328.45066916268433, 17.681522624915125
328.096450669343, 17.602367202290026
328.1891346880466, 17.870240613699615
328.440025239042, 17.635791576343458
328.0706274130439, 17.737046157221943
328.0847258201912, 17.778157872763234
328.4506964783948, 17.725849463152763
328.2556440071633, 17.883688497208947
328.1530948671213, 17.54577560548228
328.1741453664798, 17.534182347491644
328.16316660703285, 17.859563218840904
328.2362060402276, 17.516493788131314
328.2802168891898, 17.883322278869098
328.4319330168287, 17.78427092773169
328.31811035390797, 17.875782500514138
328.19917216206306, 17.87531709272244
328.43928841506846, 17.769943862237966
328.18631986532426, 17.52804877717773
328.2975299250422, 17.5180100097619
328.378851907963, 17.553476618463044
328.0987709693021, 17.804030112572455
328.39919753287853, 17.82853408878642
328.4540759416012, 17.711500776447267
328.07191215737214, 17.75077320355617
328.07429251759527, 17.758218671561135
328.0788823893577, 17.628987819507053
328.44716970158686, 17.64777575440711
328.3253979890844, 17.523770291918833
328.0895262319918, 17.606546038814415
328.1365269872075, 17.84629497173994
328.29099145603857, 17.514082996657688
328.4453467095882, 17.763586196837604
328.12324819008956, 17.56279685529422
328.2229055623405, 17.513882350995495
328.4151062951937, 17.816838185600247
328.45463429842323, 17.663702871537307
328.10166345405116, 17.815088244213076
328.0753077815005, 17.771606808302217
328.21728486713664, 17.885042174613087
328.3957571568787, 17.83861007777605
328.0638284977058, 17.738693144308243
328.0626415098583, 17.664291606699805
328.39452380808706, 17.84086770470487
328.06053883699946, 17.726122793429692
328.09188435128107, 17.80516723428289
328.0935493460445, 17.591642370260143
328.0584823166754, 17.69778784165043
328.12816281090915, 17.845072157093696
328.0802360067373, 17.611885509220823
328.41236039712066, 17.574028051105497
328.22030543326673, 17.88860859422329
328.1589217404838, 17.53192381335815
328.18711745851465, 17.880151785850387
328.3763273950233, 17.85786225385076
328.4503982126158, 17.7658895767281
328.0902773277939, 17.807318995328796
328.3121832561406, 17.88703009475049
328.16142899846636, 17.86972780103001
328.1223819236286, 17.55530581890875
328.2010463521904, 17.513078728034667
328.0598901009763, 17.742377178544558
328.2762332373008, 17.505338711853234
328.28133784063886, 17.893732548899816
328.0543406153896, 17.698134394575373
328.3338942775412, 17.51728441576022
328.2236689752663, 17.506316430782505
328.1104484292989, 17.564050338056077
328.3313916290799, 17.51555118734354
328.445858512423, 17.783645605147548
328.0560192087828, 17.66725140663871
328.13013110344707, 17.546075729526564
328.13511846368885, 17.54205151612513
328.29984730444755, 17.893015922329084
328.2482146880571, 17.896517520816737
328.3163407149913, 17.509792650224007
328.3835964219274, 17.857733114634087
328.16235670966415, 17.87429148333201
328.16003132104777, 17.87317820754978
328.1769756936629, 17.881108257198658
328.20768821938907, 17.507576060915238
328.0539380732257, 17.667973972835476
328.05244811216244, 17.678050472085978
328.4492776742058, 17.617999565487274
328.39567659692796, 17.549256283781315
328.4451781594111, 17.79107748849185
328.39572366202435, 17.85071107281586
328.05030398120874, 17.713190142602546
328.12639145411015, 17.854308166543262
328.34993113935917, 17.880102924074176
328.33529479581944, 17.88689422165527
328.1037093876298, 17.564253702355796
328.17410903029906, 17.515890243374404
328.2284650567695, 17.500592594299047
328.4640402490824, 17.649656413631977
328.1938635920654, 17.508050976056683
328.44759677954977, 17.791942173344836
328.24095841446507, 17.901393621208687
328.05336621924346, 17.649635579858355
328.06468763413335, 17.782323487969258
328.47185544873116, 17.717768566055373
328.4683287092233, 17.656903938398486
328.07071378348394, 17.79556152734339
328.1812013639804, 17.88974702598022
328.1236019749207, 17.857633943704094
328.2535003855083, 17.903856503376517
328.4678865409614, 17.65067168065152
328.30599752109845, 17.499837316510586
328.3481023318207, 17.886013770748896
328.21251919128616, 17.499420107941198
328.18741702855857, 17.506232840073405
328.3993076191177, 17.85583445396198
328.1625722281815, 17.88310915152754
328.0680937754326, 17.794354666948838
328.0529680906067, 17.75902743954153
328.3816817529304, 17.86923344790453
328.0796247508008, 17.813611887687674
328.0725335911873, 17.802818158417008
328.45255752399487, 17.60736254872698
328.19535436417834, 17.896288230990802
328.0617574538739, 17.61621090251983
328.29693451101207, 17.496531475312366
328.22761217968065, 17.49565664040256
328.08687933433987, 17.57513838456808
328.3188071297488, 17.501202211806163
328.1907580479131, 17.895505558871278
328.3742117410176, 17.524040471857973
328.0480760022562, 17.651679770212066
328.15250378572875, 17.51899545024663
328.4002660037868, 17.541314242321352
328.2712594592172, 17.906881459045348
328.04310901200137, 17.726616403779566
328.0457723292653, 17.74191098288716
328.089570333601, 17.83023636354379
328.40240280237003, 17.54249595385812
328.4781145533837, 17.69901273903073
328.4779670445107, 17.690421967796915
328.11561297147676, 17.856646207383633
328.38904939456853, 17.53171622360274
328.4762471926541, 17.67113193593702
328.0540232877378, 17.772314574945913
328.08986651931104, 17.5668926899351
328.04792264652735, 17.756152788260597
328.231388231419, 17.491762417375536
328.29529353880326, 17.90636922146845
328.07593401556574, 17.58413841141005
328.4152117235871, 17.551456491433726
328.0392921178727, 17.707948551154594
328.2346160094909, 17.908182669636464
328.371663914401, 17.518682520272204
328.1400743851086, 17.522113943051746
328.03910781970865, 17.67999483369483
328.12082388745785, 17.535191154938875
328.39908830328534, 17.535846348449702
328.03828775117915, 17.717982405873716
328.4598331244451, 17.608369387322444
328.19378347931047, 17.49739200864426
328.48112396416315, 17.683740026512552
328.29609497464253, 17.908523837950053
328.4797738564771, 17.67090973344115
328.0502795277954, 17.772224876999115
328.4819135988138, 17.70800935701931
328.1162356235392, 17.862477910986204
328.04599421535005, 17.76164449677618
328.0372896992931, 17.723828193808792
328.0566485909943, 17.789743416319652
328.0391073937007, 17.662568997716537
328.0588857996797, 17.604566591481255
328.4204558888226, 17.848168880793317
328.05041685301734, 17.62190382057066
328.12364295492387, 17.870101064338932
328.27800347543615, 17.485462045571804
328.2618124214734, 17.91454411726319
328.08965875400185, 17.84195615827615
328.23714237879034, 17.914088829630813
328.1862909451324, 17.495616009784285
328.0346695082977, 17.725651827990873
328.1577000386003, 17.892422165418168
328.3028162521177, 17.91158547382411
328.1421150386364, 17.88462691921885
328.16136727897776, 17.894693803020278
328.0479090663046, 17.621084239821336
328.2268664778796, 17.485384357498898
328.2357995445287, 17.4841803234911
328.4055501941646, 17.865895723508
328.35709068038926, 17.895571548641403
328.0320225780763, 17.71020102162125
328.1909889164664, 17.90669666173284
328.0408570298588, 17.76145551458064
328.40420109883036, 17.867550236288206
328.1184315667625, 17.870752999105843
328.0573344788628, 17.801273982936
328.04161403143434, 17.63368530948497
328.13819012386847, 17.514942485613844
328.2381766387607, 17.48256840324211
328.0960690471937, 17.546946730966322
328.03135468437216, 17.72048133640332
328.11097896278113, 17.86600990741521
328.4414265427617, 17.83253712831224
328.39275273204396, 17.521917296814003
328.05543132295196, 17.799574043698243
328.35331436999365, 17.499511160663303
328.05022868169067, 17.791147220673018
328.28734267344134, 17.917323761859183
328.46791198568167, 17.60653195471741
328.17172478507223, 17.496559343105105
328.2680625264865, 17.47995787568339
328.3705995149722, 17.50699705901505
328.4503950061135, 17.576034686575884
328.06026660579545, 17.811222237232922
328.4880295228967, 17.6659826679764
328.4418973133416, 17.564100134576936
328.3835714047713, 17.885854105371216
328.10942906328467, 17.531243664821044
328.0278889816371, 17.71939327282566
328.2987810003452, 17.918247027857255
328.02949993339854, 17.661809065041638
328.36354282018493, 17.50057705950159
328.41634450540255, 17.864511413786758
328.0292311336894, 17.737583759810843
328.26306222286325, 17.922293035523296
328.4918794511057, 17.72800607994677
328.37879091012167, 17.89202800128728
328.42841529354723, 17.855351923682957
328.17832542088, 17.909798190136822
328.4799984534419, 17.62061621515988
328.47789256202446, 17.615406986762103
328.182013894834, 17.487355356826935
328.3053968995873, 17.920261346315176
328.0299272129268, 17.646904404708092
328.3342970940967, 17.91309242945172
328.4250991786634, 17.538843984121115
328.0503841680534, 17.805046580547014
328.1076156238248, 17.872502445959572
328.3759026584877, 17.5034263544791
328.27096183825665, 17.47425410213549
328.1647746029016, 17.49271123734412
328.4759930981407, 17.79138550385927
328.2249503840332, 17.47601570876221
328.13999101649983, 17.89488485458855
328.42679373537504, 17.86002459966513
328.21341455794874, 17.477633612084087
328.38249919701457, 17.893601141387165
328.3128456427604, 17.92074776281853
328.17388983480146, 17.487473978345417
328.1067851407013, 17.52476787340408
328.3155898683837, 17.478369474656464
328.05508048368756, 17.8176512831481
328.07938480618793, 17.5497592759641
328.2307052667554, 17.926204292914218
328.2947346724338, 17.925581342676377
328.0404395281898, 17.79349769329877
328.47690542417365, 17.797260713936236
328.102090689159, 17.873458278432036
328.0722628357273, 17.84462153606279
328.05097311722005, 17.81575291265595
328.1027249586835, 17.524598877399765
328.4827190662516, 17.78761093191336
328.38489458227485, 17.502902052162526
328.0464433830729, 17.59099905527659
328.09985635209046, 17.52659627115493
328.1904227529496, 17.920569278199487
328.0550626790146, 17.575971212819137
328.47773857750485, 17.59973948161703
328.479142355821, 17.796877393584893
328.1960031396942, 17.476624660277103
328.0240606356901, 17.644021161361945
328.13933496932833, 17.900680263382775
328.24771650594016, 17.930664130242963
328.24437372099266, 17.930729957214194
328.0850652948072, 17.537953212381762
328.46613976115617, 17.576251806495627
328.0230887099832, 17.641401960881616
328.4986884444809, 17.746703874665954
328.0353321644457, 17.606979134405673
328.3431775516074, 17.91845250486843
328.07517233070456, 17.852884694787743
328.32299946650977, 17.924633596482263
328.3694507556286, 17.90865833430941
328.26417419654973, 17.46553542430924
328.49870258799075, 17.753936842086176
328.5036489662167, 17.73144010733518
328.1108412443028, 17.51198917605843
328.0135160107552, 17.68014816251083
328.1311506904141, 17.498778840140645
328.0131837160695, 17.682276575990347
328.0584171743425, 17.562759971859247
328.49952131875324, 17.75599891577595
328.07543326353976, 17.857153733729724
328.3645234640453, 17.913181545426973
328.0252309804647, 17.777364369923603
328.05616384136823, 17.564380833686933
328.29722121117624, 17.933207159530262
328.50680645719467, 17.68124905055922
328.3501772687883, 17.47957649026293
328.48545297067784, 17.797556874921952
328.43109995771755, 17.52845290573152
328.0571048719264, 17.837596206717507
328.09795296544905, 17.51904646586585
328.0230932235527, 17.624341650298412
328.43043675026496, 17.526412449886582
328.009866825411, 17.6957003970161
328.4076488303352, 17.891045191384343
328.01997866560873, 17.76729637168213
328.3123671765629, 17.932415027842634
328.45536471421104, 17.55134422912506
328.0451167872283, 17.823304487759007
328.4790630613604, 17.81474822598415
328.3515338916161, 17.921728538677137
328.4024435030269, 17.895870654943675
328.4144607562911, 17.51189306977719
328.481470744935, 17.810843995647872
328.1074353780614, 17.889750703016713
328.2939463909825, 17.93716600800266
328.2403794283754, 17.460268523342982
328.19173759156234, 17.46833037699697
328.08299643828434, 17.871546140591168
328.4403197624586, 17.8674455776008
328.4340001736787, 17.525495141963553
328.3461172363314, 17.925882563495993
328.3950173775737, 17.49632977208921
328.49517461714146, 17.612569142016888
328.0098342012821, 17.74124526040843
328.3270625963618, 17.466895513262806
328.5019361581053, 17.62931375090952
328.43704015610075, 17.87217458906806
328.473040792217, 17.830086068181295
328.471189955992, 17.8330663896354
328.3529647152741, 17.47465050924464
328.4972872890671, 17.78506586473691
328.00615009909006, 17.678838730463664
328.1653553189456, 17.473847523139806
328.0133857788123, 17.764203637638126
328.0037659408277, 17.710952255466008
328.3283733512535, 17.46476130669931
328.1348135706005, 17.912650305455635
328.0102768838915, 17.756602531319427
328.01410318227425, 17.770237520264327
328.40553444775816, 17.900258629740758
328.30016080092287, 17.458401924477197
328.3930515111073, 17.491091193491897
328.0211744562181, 17.790688337844575
328.04029909635295, 17.82713698470771
328.45220878828786, 17.537961042072983
328.50995052171226, 17.7545066096978
328.44621706086224, 17.86789946714897
328.0142861347551, 17.773598303774946
328.03795651548836, 17.57462144879318
328.0145322930487, 17.775627067898267
328.3331826822673, 17.935153319483103
328.00154902252126, 17.692329414376463
328.06532115634417, 17.53759078225873
328.2122742747368, 17.45778104876545
328.51562541252616, 17.730702426753044
328.2248094427307, 17.455594085890635
328.40262520970964, 17.904973256854184
328.486629838638, 17.58172896185943
328.4964499380158, 17.79877862250336
328.03984200516965, 17.56927251837147
328.0226005956285, 17.600369876821713
328.1434688642295, 17.47908991015765
328.0417940761466, 17.834087528613207
328.00127648790004, 17.675716599979754
328.0478651737903, 17.55609186894236
328.50561004116054, 17.620469018958193
328.43649565488136, 17.518459189054933
328.1176128574166, 17.90744697748866
328.0622451135214, 17.537854707980646
328.0704739956328, 17.870469552050714
328.1051434510258, 17.899645889756968
328.31448746761583, 17.942547727408012
328.1652813782347, 17.467587264514037
328.51309436252063, 17.759481776699115
328.4988755762801, 17.800135841017642
328.44525113098524, 17.87540767208527
328.4652949317323, 17.854002967114432
328.5207568887935, 17.717026246792102
328.4806078733282, 17.83346792399298
328.2666803540588, 17.94917688177049
328.52018044587066, 17.725433735907277
328.4744953169834, 17.556925715485317
328.0150165695223, 17.609316716435266
328.27820649802493, 17.94878996927272
328.0878778006667, 17.888698833243044
328.0557813395706, 17.542162754741
328.08908790022326, 17.509337357460034
328.3088884813832, 17.94543208625955
328.0937695114775, 17.894131622387814
328.29220247025785, 17.45092514922386
328.4739494540697, 17.844998726328527
328.4913077471481, 17.818405445330015
328.4984159066178, 17.594441245366358
328.50440776996, 17.6077474742284
328.5040995904057, 17.79262420709186
328.3200623451778, 17.455404686991052
328.1243127391648, 17.915072678077326
327.9978010654716, 17.73053399278546
328.0337438254921, 17.829541452836164
328.5221571082715, 17.723839003536412
328.50601367836725, 17.609832527516257
328.46466794931837, 17.858231066344803
328.1358550043156, 17.476925015346314
328.0008082269302, 17.646869966554803
328.18106061431104, 17.458845165787665
328.0189256796055, 17.805068293428207
328.0954328688922, 17.897843986642386
328.3006406134406, 17.45027577800289
328.49540967885656, 17.81514180349677
328.3083893775631, 17.948174859894824
328.0159418306705, 17.801992682962283
328.42065985729755, 17.902322842526964
328.389427226913, 17.921946221930757
328.4309451361075, 17.504521421721265
327.99263830293705, 17.682617593782346
328.1958458333933, 17.452049868804394
328.09998719730015, 17.904327172777155
328.0921386968559, 17.500357421914895
328.1342579779112, 17.925345307324594
328.52141632786476, 17.75374668763712
328.04494922430854, 17.546462204712906
328.256254248011, 17.955227459860776
327.9938328552608, 17.662948777798157
328.05257352801334, 17.86309335497813
328.01385250320027, 17.804063202753788
328.270991298916, 17.955777419674043
328.5131894209639, 17.614034369752247
328.37059458799683, 17.933300306936626
328.0301886183316, 17.83432962326972
328.46137834699783, 17.529606971131777
328.0181097028486, 17.585397044887994
328.11697548695537, 17.481478138265015
328.16031736131316, 17.46057885599539
328.3434167655197, 17.944015535094746
328.0011181655135, 17.62514537543497
328.2353947625875, 17.95584492196035
328.0702087418104, 17.883290482537305
328.01704293196195, 17.813410179894902
328.3962083552765, 17.47764948308164
328.5275647419364, 17.666016451880992
328.1704443892235, 17.942974740513755
328.3685376140443, 17.93569334560766
328.44999831549217, 17.51632972734153
328.03008243396846, 17.836956277853304
328.06385552875105, 17.521001445378456
328.0048675671294, 17.61113462065918
327.98872311863795, 17.683622771367588
327.9956009257818, 17.76002943201861
328.0406345103202, 17.54672299203186
328.0274919128788, 17.83405563696273
328.076279250302, 17.890594221106117
328.4364635402786, 17.5034590386095
328.31487513808213, 17.952954147005475
328.13212472923163, 17.928461126849022
328.46362628657266, 17.528490313337315
328.4836440839679, 17.552945887014
328.140868396564, 17.93300131669354
328.3494669653534, 17.4548219655821
328.07787441862416, 17.892988829310777
327.99146747136376, 17.74658729547246
328.20599364642266, 17.954193374336946
328.0427922897542, 17.857435604115615
328.40696593780757, 17.918219691143797
328.0332022645962, 17.554454247661795
328.4592404829015, 17.876957103975162
328.4200235030808, 17.910183216498073
328.0199449290577, 17.5745799096942
328.53272205546244, 17.701115075733693
328.3693195130218, 17.938006838993893
328.14629531092976, 17.936920466214357
328.4483051161401, 17.50988667521156
328.0203871311998, 17.82852486824177
328.2711460417621, 17.96111981099431
327.98675719810905, 17.732785460279477
328.4094049058905, 17.91934519607681
328.50857514751084, 17.588544088176743
327.99353670032343, 17.632405433741287
328.435635404974, 17.49790926412501
328.20291481120125, 17.442618505345422
328.5043908250387, 17.82030425550504
328.4825904799624, 17.854134583681063
328.53538388856435, 17.691265387321707
328.50774138794617, 17.584106001911607
328.4539337954074, 17.886778837890965
328.0721592158342, 17.505325329488038
328.1506601552533, 17.942459977923157
328.5247460087441, 17.62335701341141
328.3972093479708, 17.47052295071697
328.1405446059319, 17.461057310407668
327.9869154483767, 17.65067187903394
328.11084627179906, 17.47599687303715
327.9987431812887, 17.608198596148405
328.33618858379435, 17.44517849730656
328.07897080330605, 17.49817832078309
327.98226896999387, 17.678298159871243
328.5341326863085, 17.65732515955318
328.2920669015829, 17.436303086085196
328.50122577848646, 17.831330778191525
328.32213719227553, 17.441080494630906
328.4287709622384, 17.910368391348477
328.49158937871596, 17.55282820430856
328.02599944559984, 17.845129918857374
328.49715190518504, 17.56066390083659
328.5384428281331, 17.686244633580614
328.1765608640534, 17.44523532399873
328.40644573053146, 17.926261194216448
327.98838855421764, 17.765984442167888
328.40645192958783, 17.472791334595023
328.42126435263276, 17.481905431767334
327.9957294728797, 17.790670083434826
328.14150022562995, 17.942496320651774
328.2314644599764, 17.96605369175292
328.50748410578353, 17.573421204985525
328.1304872734053, 17.461436584404055
327.9835938625065, 17.64683272738939
328.0388983345736, 17.533073049522564
328.4954648478936, 17.8461529838546
328.4467632708276, 17.499219910443227
328.3972293457917, 17.93408410371417
328.43737592822134, 17.49103778673633
328.5400841983756, 17.728554874397748
328.5380731570241, 17.65605919054081
328.5419771536336, 17.70450576814669
328.43263745976753, 17.486894754539826
328.54155857467737, 17.682426286805832
328.4744349021147, 17.874796003183672
328.46190714902156, 17.5111426961074
328.48467485975, 17.535658549321592
327.99588880867117, 17.599918735691094
328.5215153081038, 17.596192003096867
327.9757436542892, 17.69102516519125
328.16952531421936, 17.956234674225847
328.5055224851137, 17.834890061151686
328.54033968509555, 17.74050101907748
328.4699213730292, 17.517351159816904
328.449113783358, 17.497324514940637
328.54264113207705, 17.670770753404536
328.5442458404227, 17.710503869893337
327.9744088062361, 17.69579127614376
328.40959251718226, 17.930533290625704
328.5412670658922, 17.658698955572863
328.2107645228493, 17.431995373483346
328.4123750760032, 17.92919412876082
328.46518837829933, 17.510977835138537
328.012810484297, 17.5623335662572
328.23916343989384, 17.971221795373793
328.52432701362295, 17.59670626229952
327.98097490328445, 17.637166437042318
328.0846754135755, 17.483479991446718
328.5166999261806, 17.57929078901631
328.4148565585655, 17.470025692861853
328.4785375730683, 17.522421292471808
328.1115210279937, 17.934517503857485
328.2726417270257, 17.425762023918946
327.9717161912879, 17.703936436783035
328.0270986579289, 17.86211305524518
328.371976662051, 17.446846680464734
328.3766529215702, 17.950509456909035
328.5477569736872, 17.709678567213032
327.9761358731933, 17.75259326540758
328.49124067355257, 17.863822611786386
328.50680748989134, 17.84204509157318
328.283007573972, 17.42523640138312
328.1462959241861, 17.446303413920834
328.4533136011902, 17.495376550971887
328.131618050571, 17.452348642035464
328.06384863879686, 17.902990255921118
327.9898992044781, 17.59890161033758
328.4473598634679, 17.909877533584435
328.2890763809746, 17.42439941061341
328.4944320069171, 17.537138528036255
328.0384764200942, 17.520191298323226
328.52172367160966, 17.580659489574245
328.5352829539958, 17.78684671717245
327.97656215200516, 17.76340261466917
328.4006841938827, 17.457408727065925
328.35029177751295, 17.436122898719038
328.3744039179651, 17.954467585213457
328.0710137799888, 17.911184580154707
328.16383966818483, 17.961700631542453
328.38942587835453, 17.451286415049037
328.55101525483985, 17.695789902454862
328.4873280085086, 17.873651950581333
327.9861128130289, 17.601737326139883
328.0365548885189, 17.879854340995827
327.9773179813914, 17.772905194592518
328.04183415301026, 17.886148062312024
328.5352458204975, 17.79314514693008
328.551725452087, 17.682687446567098
328.2708101429624, 17.978383955932685
328.29995767256855, 17.975963273951304
328.01387292173655, 17.852908117853868
328.0106367683702, 17.848390949458306
328.4534696229202, 17.910149151096768
328.51553404470354, 17.83748856887047
328.04680775335964, 17.89325751643974
327.9786987733839, 17.78339735456342
328.50534845448215, 17.853663290971536
328.00538095884014, 17.84131654091174
328.4339091040613, 17.92557518719441
328.5319721429323, 17.59335639681424
328.213711783582, 17.976812088929407
328.0269196254651, 17.527388651231025
328.39521366619005, 17.450408245494607
328.1188501022384, 17.94653310492727
328.35660091206165, 17.434215349125477
328.24243741567403, 17.980421498678773
328.44948381571396, 17.914998093431464
327.9657002954682, 17.67081666306316
328.2725565372747, 17.98069866587686
328.3180761038541, 17.975511370007172
328.3079326419343, 17.42186248559195
328.5528703292832, 17.73383154757585
328.45703126929203, 17.909459488030805
328.1576656969315, 17.43499321837587
328.4655985617613, 17.497520779394634
328.5307782250021, 17.812319636351567
328.1051975417587, 17.459068398977394
328.2167376399777, 17.420507335381068
328.30134581012146, 17.42035308787605
328.3264912135091, 17.974756547334877
327.99640828710216, 17.83089504091051
328.4245411326784, 17.464564034026797
327.9623558105993, 17.7038314627374
328.55180729656956, 17.750596236430727
328.08991633817584, 17.932181406951553
327.991495915863, 17.576255578439525
328.2216108923384, 17.980904635619545
328.27691069549275, 17.41631586590201
328.23398038472914, 17.416559020283387
328.0472728786123, 17.499510836435064
328.4642485238305, 17.907056331057962
327.9667573635828, 17.758680901716552
328.3004425764002, 17.981974236917175
328.2972620590316, 17.416820670001883
328.181166803893, 17.97475632702269
328.438480475597, 17.928289935074496
328.54512336527245, 17.785315072497774
328.5589465880133, 17.699862883151088
328.23839014254116, 17.984263573866706
328.16113446850005, 17.969210815613916
328.55805848296876, 17.67626908061875
328.2724872477008, 17.414324615417737
328.53869966985724, 17.595160840893396
328.06384349864, 17.91650704215127
328.47089057395357, 17.496714304764055
328.50882400213237, 17.85900253075161
328.29681908453017, 17.983444489470127
328.5159732211069, 17.848725273210672
327.9608911872941, 17.66802882693325
328.5598875878464, 17.702969999101814
328.22339448279604, 17.983824581392074
328.04533855218943, 17.900624733883642
328.271207054897, 17.98582795402081
328.3851022303439, 17.439323435969907
328.05733988206157, 17.48701551367068
327.97239957816055, 17.78785915919404
328.2750140799722, 17.98672315681506
328.5371351703964, 17.812721555319985
328.5543273965123, 17.637389663073186
328.42478228429985, 17.940534849485285
328.1463289123107, 17.966811578241998
328.26424172805895, 17.98788250194788
328.16481767671337, 17.425729516217732
327.96108360787304, 17.748336718214375
328.4344078670117, 17.46390969323234
328.28957574493, 17.987008821866755
328.4982246090207, 17.521666123577837
327.9589855091878, 17.660819279438456
328.03191669404976, 17.50871573698654
328.55080018308286, 17.78024575513502
328.4104413720419, 17.448641478958063
328.1117342681892, 17.952666349348526
328.5626523379822, 17.67997334492119
327.9621471330516, 17.639612396055867
327.9888425066813, 17.566741692589996
328.1165260008446, 17.44344871942341
328.2870353474868, 17.988578752018224
328.38757680568705, 17.963121861373356
328.31773560874706, 17.414453015800735
327.9582728914812, 17.65242438342847
328.26635589033197, 17.990723014828117
328.5558776481482, 17.77109351095321
328.5099996051463, 17.866767364795066
328.53480177311945, 17.826554075372332
328.56528234594356, 17.700224157336866
328.3249158072641, 17.414986991648593
328.440956860111, 17.46513982994577
328.5653071071033, 17.69109906535412
328.16081960392745, 17.9757887593222
328.0043541024061, 17.8611556036661
327.9875719958028, 17.565075269370755
328.4865090055874, 17.895826973670285
328.48855330104215, 17.893764559187854
328.33238731049, 17.983365920356253
328.0789732538697, 17.46347467393108
328.15388713983884, 17.42501489934272
328.042918341894, 17.492409477706946
328.3852901498205, 17.96664490273141
328.1098899967828, 17.443850786549127
328.1138573979483, 17.95769807804898
328.5641309200845, 17.743127031407088
328.14800762423744, 17.42599484361074
328.51239414662024, 17.531952720120742
327.9703344582839, 17.59733990314938
328.4874238040861, 17.501630887507662
328.5180541337076, 17.860292911545763
328.5089203889137, 17.873142683640786
327.9531039064056, 17.738966971238167
328.3993940420963, 17.96234687302371
328.34997022677294, 17.98149077228739
327.97849819691714, 17.575459119956918
328.06284865880104, 17.471179478650075
328.56942833806136, 17.689652432656803
328.47091145783077, 17.483410779241762
328.0554962636869, 17.476940944983983
327.94915151732823, 17.705076369478096
328.03779550467857, 17.49277155530222
328.56519888138655, 17.75080550432217
328.36455054131073, 17.977862192289095
328.2887215085939, 17.405074265988564
328.52453543987116, 17.54526293976947
328.1755455000901, 17.984698781032385
328.4084777261605, 17.439151509614625
328.3209612405624, 17.40876733158907
328.0032850784479, 17.86854039332502
328.05038555212843, 17.91965043024628
327.9747937826862, 17.820351397555473
328.0231858780276, 17.505834004004527
328.45295399707885, 17.93290189410149
327.98511352946593, 17.84161602941947
328.5591257067066, 17.78314545033906
328.28756117619497, 17.403291318462635
328.547799679961, 17.814207172375053
328.4785670244225, 17.912175314979123
328.0390027069842, 17.911026587507028
327.9959365186218, 17.860319736634
328.04508761258893, 17.482699104992356
328.17080522175604, 17.985417511491033
328.0997379956546, 17.955999325412066
328.05410034867657, 17.47473237511014
328.37244041374964, 17.97780542432521
328.38552569507766, 17.42635641181361
328.51258238816314, 17.87626807509973
328.51905051712805, 17.868366380134056
328.1301939684174, 17.42661439407975
328.01513873600163, 17.888321473050752
328.1012458948031, 17.958716226570484
328.4653499139311, 17.4725490064031
328.07329215942394, 17.45737281633091
328.4900700744266, 17.494808153253658
328.1156918721249, 17.967266683815463
328.36733457373856, 17.982245695482977
328.57496841927, 17.709365281232408
327.9689105379964, 17.581376623054226
328.56451957912475, 17.620710673490663
328.5579738509743, 17.799388766263593
328.19651230631246, 17.994972550044732
328.574955924713, 17.676307775206816
328.5734801670151, 17.662413343735103
328.5618682926969, 17.610948419736992
327.94963579480134, 17.63811026481024
328.1987599282364, 17.403290798534343
327.9968839043456, 17.869017959115816
328.4954328753847, 17.90157954323399
328.44390904916156, 17.945512564854575
328.3945034055304, 17.973080587000638
328.2994738987137, 17.399811953897306
328.24564795197495, 17.39746840931705
328.48153199606475, 17.48350645130712
328.2599775082855, 18.002118202881633
328.0352896600148, 17.485379539004
328.17518909448813, 17.407880801716583
328.0949671488033, 17.44081438024552
327.9499296852502, 17.76811435067195
328.39347585454385, 17.42513654709147
328.1187368273215, 17.428154007255188
328.3655992806322, 17.41417587434412
328.03876548217164, 17.918119840940154
328.53577874907404, 17.549346175517343
328.1277234153639, 17.423621445216387
328.3584244080329, 17.988016838653436
327.9632161934511, 17.812423602937404
328.16343811633084, 17.98944141425066
328.4509053234359, 17.942945265944644
327.94911708950644, 17.628813043613846
328.5427077937037, 17.559172062447352
328.33607670326523, 17.995034261985715
328.266504610765, 17.395355042662697
327.94000945721524, 17.70245736358138
328.46831859065145, 17.93001387030523
328.10493788722545, 17.96640382351397
328.3712008952999, 17.98521832286838
328.25019849323485, 18.004383424800103
328.1976677910193, 17.998869982986022
328.44688728169893, 17.452296573336216
327.940885963342, 17.73207088639559
327.9916926565365, 17.867390457295354
328.0054068701557, 17.513614076661952
328.1810378665445, 17.99571784380827
327.949210685488, 17.622933237660146
328.56344850239975, 17.60265423269015
328.145881921311, 17.98531507420064
328.49859031962706, 17.496082899352505
328.04896896518585, 17.93042486114801
328.42989148710313, 17.440394065916674
328.4224516085063, 17.436067724577924
327.9383578165703, 17.705713891208955
328.261726960949, 18.005975900379767
328.3933312187097, 17.978510765215717
328.1037300791818, 17.96813296280751
327.9393987003117, 17.734557310779962
328.2535891332445, 17.392772587624233
327.9378547213423, 17.718572988612067
327.9438924107417, 17.762359308545154
328.12137000167945, 17.422129705951615
328.47695439022135, 17.926715293122154
328.5013524940092, 17.496287370432334
328.2664858265983, 17.392023770186416
328.5759728814238, 17.638010895196885
328.5821544249061, 17.68401971402089
328.060469848704, 17.94242881106169
328.4999767408754, 17.4938010337368
328.58263784032465, 17.711806705130634
328.27592278442216, 17.391770193820047
327.93568776406556, 17.697477491095814
328.11138796053496, 17.974110988294193
327.99195752853205, 17.52553555650761
328.54564872336573, 17.84475125752197
328.5826302020191, 17.727439336526817
328.1976699533517, 18.003139594873446
328.57609299991975, 17.769888568226126
328.38197723869916, 17.41277644007856
327.9730093547699, 17.553178742894136
328.3403036976897, 17.999711559860906
327.9463534133907, 17.78399098957041
328.42629025939283, 17.96589552684844
327.93494548527866, 17.67572972254466
328.5614835911153, 17.5841621681293
327.9670248605463, 17.5635885999581
328.1546016752087, 17.40603952922307
328.54061585020656, 17.543356296668406
327.98794848676886, 17.87139786033733
328.5005032229013, 17.490847014894058
328.54379842690577, 17.547901803339713
328.27039654377893, 17.389003656732438
327.93442325044674, 17.726928786985702
327.9413487383986, 17.62974977870704
328.48863055140083, 17.478045709451
328.0887684557027, 17.434391548689106
328.21251783970376, 17.391574781100626
327.93917419289585, 17.63825448867638
327.93598909257116, 17.65580921370313
328.2851058995542, 17.389203715068025
328.45743679674206, 17.451905021971168
328.5185234561302, 17.889690267020395
328.479610196444, 17.930093729383156
328.47617806842203, 17.466385349714074
328.2246159233507, 18.0094056304226
328.25132301546, 18.011195487758783
328.36072375667703, 17.40307247837953
328.15683554262347, 17.995772763873916
328.5226164668046, 17.885363893440765
327.9318685727071, 17.697661376830546
328.1837973076637, 17.395823569031133
327.9452647417326, 17.610496103678543
327.9441014417611, 17.614132314874922
328.49432684405315, 17.91787443475839
328.1195742559168, 17.982474652292556
328.3432057654853, 18.00199244495817
328.27908952993334, 17.387425211770392
327.93641780564, 17.75558500658118
328.25900683380337, 17.386739661395378
328.54804624354523, 17.550337381277778
328.5429726451644, 17.541759048586993
328.38701817587946, 17.988057280983636
328.28969543456327, 18.01141519869044
328.2630664137978, 17.38640355332971
328.0052174994709, 17.50090003946669
328.33322025350674, 18.005042092563418
328.5701108932218, 17.596548535498407
328.5599581635704, 17.82775511454829
327.99927652934986, 17.5074917688184
328.57761063596985, 17.780888532238663
328.4628744058781, 17.452559128086705
327.9355871327383, 17.758578307463058
327.9446466250645, 17.793237908478734
327.9488879067641, 17.594045125808904
328.08643599748746, 17.43210569665334
327.9321041378433, 17.738737544855972
328.5892496948639, 17.691960164022387
328.12186044582546, 17.985390866778054
328.0355890644409, 17.931422918452746
328.02519100845666, 17.92217572511083
328.55606268546785, 17.8394598657224
328.3216776183312, 18.009202283792764
328.06735087241134, 17.956605468976786
327.93955291932417, 17.781275009493996
328.3118185404953, 17.388116215596643
328.4277050027973, 17.427940911809543
328.4655222362407, 17.45261026589848
328.02731245215716, 17.474450414994735
328.33783036788964, 18.006572529003144
328.5441203031643, 17.862146350598568
328.568024970029, 17.58370548731003
328.5334396808915, 17.52133918706753
328.3192697202435, 18.010717334518965
327.92745333080376, 17.698156256119134
327.95564394366255, 17.827774272926536
328.4407763400363, 17.964954575969625
328.57237287911096, 17.806672009860247
328.3853731707922, 17.992850873736888
328.528709192686, 17.885742661565324
328.5411614210591, 17.530955337768116
328.50154094717334, 17.917523685060594
327.92777260471524, 17.729875143499623
328.3127787128344, 17.38622216056923
328.0345449666308, 17.934139219981606
328.3464774517177, 18.00621514759921
328.58919581578033, 17.748817507493676
328.57926870199594, 17.791463997228803
328.0265304390742, 17.92776105119165
327.9254243481368, 17.694766323959982
328.52420431436593, 17.89443482194064
327.94600425522714, 17.58863778577261
328.4583304311013, 17.44310920178681
327.9332401588946, 17.62729824889205
328.4327921349841, 17.97293199175912
328.29789323113033, 18.017169013167507
328.5864481359457, 17.626953528636125
328.52585217579224, 17.504827029921675
328.4564146279993, 17.440283675746834
328.5955376827859, 17.692677869503598
328.5598214813332, 17.555824041510064
328.5876053957695, 17.769837945760838
328.06964519867734, 17.434928853489794
328.5934369375393, 17.741690981217616
328.2606244304093, 18.020545392653172
328.07075049069704, 17.96559774585778
328.12180108342375, 17.40656444346631
328.03154678992854, 17.462925831116223
327.931565362605, 17.775818250683727
328.30110623425554, 17.380525656224105
328.5670119802952, 17.567324974768447
328.02391732092786, 17.93030243562855
328.0742570845811, 17.43059033308509
328.416526655713, 17.4145771516978
327.9256157285584, 17.750168519106776
327.92157773795986, 17.68890907234277
328.24899356124405, 17.377593263463208
327.92106264332637, 17.700649485562046
328.5649113072753, 17.560727402957962
327.9380339446242, 17.80158811930065
328.3219325846103, 17.382093260759795
328.5501482280951, 17.532838079413928
328.5553596223779, 17.541258345952862
328.58601750955256, 17.788862147428976
328.0656167395278, 17.433754860925227
328.1495425541002, 18.006010089841638
328.14449503507797, 18.004374157632057
328.02600329106065, 17.46436292743599
327.9863604081999, 17.89297387495388
327.9425655720796, 17.581972422553758
327.9224062598015, 17.744157219717053
327.92055383608374, 17.670238949466512
328.0605177885893, 17.962831562579098
328.2155576378567, 17.37789075805321
328.5966729952538, 17.65363977851097
327.93922626261127, 17.81118948108278
328.03384963401135, 17.943300806780503
328.1994470075603, 18.019508092101965
328.440823926608, 17.975043904713807
328.60062295442367, 17.709421602680987
328.23643165951324, 18.024406518638678
328.5095111625248, 17.47778558718765
327.97164984487284, 17.524183849042952
328.21730216135285, 17.37632744525304
327.9380163894627, 17.588408693635643
328.5771439271152, 17.57899683093631
328.5465212964604, 17.877557294864776
327.96785883299214, 17.528348435802023
328.2455368204949, 18.025955359944195
327.9231492902204, 17.76384025214335
328.3449172071574, 18.0160624094293
328.4124624417067, 17.992185256853038
328.3862730000801, 17.395899149808702
328.2436131949163, 17.373043744848484
327.9613370220572, 17.86180319281842
328.601815590985, 17.67686784943625
328.57073589295425, 17.837843246395142
328.56969613355864, 17.55972871701458
327.91860865364936, 17.6604213201212
328.5736535109045, 17.567742068507847
328.23772581198097, 17.373034504237804
327.94680032893433, 17.564335032978473
328.41731765686285, 17.40902401807808
328.5970002905246, 17.762343089949173
327.9295390108926, 17.60692236073875
328.554842712411, 17.86803431627477
327.91907105544556, 17.749625079059992
328.49928764296715, 17.464083490189147
327.9747939343499, 17.51451435788099
327.9648144057578, 17.87051412866931
328.44070358834693, 17.97921863788986
328.5989744357493, 17.75967235861271
328.4192855667555, 17.99148009464176
328.07350648445544, 17.422152705144505
328.1982139845929, 17.375393694345092
328.5351212488683, 17.500735605941966
328.0411915814097, 17.443986564149252
328.0866007126371, 17.41399631836298
328.27457844264063, 18.02921809173353
328.3470217617697, 17.38033787023331
328.1345004064202, 17.391835313697705
328.57635800362806, 17.833297912807325
327.94163825225866, 17.83145392103722
328.3154073444605, 17.373474838798657
328.4256306681902, 17.989869420230363
328.0673806678375, 17.424278783375375
328.54116891763164, 17.505853246857765
328.5763691631641, 17.83642012566211
328.50628996754335, 17.93328461857772
328.2971774701937, 18.029095892991084
328.5064960017768, 17.466207900026337
328.3704549044815, 18.01393241330997
327.92396477270574, 17.788498360431497
328.18519231896045, 18.023755580268855
328.05975169591466, 17.42765186304152
328.1051183826604, 17.401891999752085
328.18280341328204, 18.02361316792381
328.0274022454133, 17.451399294380536
328.5176979367932, 17.476066851026825
328.4550242272388, 17.424131838096287
327.9111203884194, 17.723021182045304
328.45086389477115, 17.97806151497907
328.5994909324776, 17.77614130009512
327.97245694036405, 17.50994203414611
328.4755683040836, 17.438135073062607
328.02998638267644, 17.44820908229406
328.3116914883468, 18.029282574308052
328.5005180372107, 17.457670485670246
328.55906478881855, 17.526838153938147
328.4023203514225, 18.004690345512934
327.9356136704912, 17.57101081380701
328.4579643953937, 17.97550539809139
327.92878064619106, 17.587135874810198
328.4937129041532, 17.45038953563981
328.0485863135539, 17.967337067387273
328.09646110371904, 17.402982858144696
328.00024969562935, 17.47343273921768
327.9452719285085, 17.850451767896132
328.2218829726258, 17.366259147585968
328.2894280507697, 18.03367877953889
328.2694356638717, 17.36432749973915
328.22042482482226, 18.03303359389986
328.09039951255517, 17.405340114747037
328.27273577074976, 17.36431152991429
327.93565902557907, 17.83203074295548
327.933911201227, 17.82807870472875
328.1262904434245, 17.388928914653732
328.35937324860527, 17.37774947577111
328.39414952063817, 17.38938496851526
328.6053671343976, 17.764273277414944
327.9433935777209, 17.84850960404293
328.5922832996833, 17.81104025937579
328.26681334408, 17.363611284801568
328.3889279339025, 17.386804123382575
328.30901771121137, 18.032562869692317
328.2538804922081, 17.3627172594931
327.9657099335348, 17.512094143078226
328.2619198500401, 17.362327290011272
328.3420790913735, 17.371626023017257
328.2040546639724, 18.032898846626885
328.02104638195493, 17.949773542723666
328.6012257556439, 17.608593082772806
328.3990916798967, 18.010813231359364
328.3178577352269, 17.365674234259345
327.9548917026463, 17.874280684681956
328.183902793282, 18.03044259731037
328.60959675733, 17.75919930394961
328.10706085786177, 18.005946400974707
328.5778877165756, 17.5481262288583
328.36855712715976, 18.0225079377597
328.0015735661225, 17.933753524863583
328.0676277200465, 17.98555116839318
328.41261838046324, 17.393272496222345
328.06260023060827, 17.982614474411324
328.4666828858647, 17.97584903936947
328.2685663356107, 18.03897427567961
328.1695961944768, 17.3710961730029
328.4496192205972, 17.412548103359825
328.23514799574065, 17.36058903184367
327.98273830520105, 17.484910948224936
327.92285389399996, 17.585673870594086
328.5744445455194, 17.860839848360442
328.5877748729618, 17.834883147005716
328.56546429644396, 17.876897323091594
328.09392043701763, 17.396748289544014
328.38029595312713, 17.378095642585013
328.0724969140422, 17.991267130267516
328.25503722743827, 17.357827050458134
327.9616713166826, 17.508734636771198
328.5909799969259, 17.831310129708662
328.55512788719267, 17.50545910139575
327.99890065550767, 17.46401869877905
328.53696659384474, 17.917587580383383
328.39193780774076, 18.018116628835248
328.09517419075684, 17.394898185678237
328.06394941176325, 17.411785474493236
328.1384041639586, 18.02290910927104
328.54577795815294, 17.909251214469304
328.00687234546444, 17.453931514760843
328.3750360586053, 18.02566052466997
328.39987264491873, 18.016825357403846
328.40743857277806, 17.3855485927485
328.39358496572356, 18.019828919166393
328.4775130176786, 17.424593169420447
328.5559816065572, 17.50201581153208
328.3961370512259, 17.380237111361307
328.36434535920387, 17.369412031289077
328.0629978283334, 17.409643705255764
327.94401031693315, 17.869749591490557
328.0270017102905, 17.964628869140018
328.51514290771036, 17.455047815173995
328.1355948329004, 18.02453041455713
328.27895121125704, 18.044811728972334
328.3347848878645, 18.037810739082058
327.9521673933219, 17.884438352250125
328.5610840624454, 17.893002744963933
327.9616805491682, 17.89876769911808
328.5376480323616, 17.923159155669794
327.96108249534433, 17.501387485558137
328.15873801177355, 18.033113769791644
328.07975801620796, 17.397792385199814
328.19695813722444, 18.0415391322023
328.4609552699664, 17.410011141456394
327.91124760057534, 17.596272343326003
328.2698118302939, 18.047398057165502
328.20185075962996, 18.043418782095994
328.03699237091246, 17.423183378157034
327.93894348972924, 17.53176653495785
327.960477542078, 17.498187897834498
327.91410258491425, 17.583062975835837
328.01537426052806, 17.960335512775117
328.54169958860587, 17.476918030663718
328.49812975166236, 17.43464332503437
328.55602268058743, 17.494251625281024
327.9811820839207, 17.927765124676785
328.1694385958888, 17.360652585364257
328.1121181523978, 17.379217734182276
328.60580607483337, 17.582604695606282
328.2475632605191, 17.34951857334014
328.34416389689414, 17.35875941904678
328.26112615269693, 18.05003622509693
328.16590320108327, 18.038564650747368
328.04950811102356, 17.987594350346956
328.19954505919884, 17.35372202768385
328.0792914922528, 17.39390236822653
328.36620309186424, 18.035327454129117
327.93968567113797, 17.524996455695018
328.0847397413057, 18.009029942427723
328.39367197971603, 17.372421487674156
328.2035081966557, 18.046954988196468
328.6092013080778, 17.588180283211347
328.4654277720669, 17.991327363815948
328.0205697139316, 17.43178976713114
328.2863284809586, 17.348966877250852
328.5540737854001, 17.487968205110167
327.9281301950501, 17.854983759965517
328.19621153709994, 17.35298895550257
328.564894426584, 17.501995091471215
328.1577469494584, 17.36125562584551
328.41838810671186, 18.017424309803815
327.99267157115645, 17.456005584544226
328.47563763386836, 17.985555754137607
328.5551095775282, 17.91194783288371
328.19201627849026, 18.0465899517487
328.0403395683868, 17.415110739980943
328.06246915934656, 17.400747749791236
328.24263036851505, 18.05224073233837
328.29826616646216, 17.348378488621957
328.42661036178566, 18.015278707994238
328.36080680626236, 17.359528878506538
328.0013481885094, 17.954287026089247
328.53954551508565, 17.46704341441597
328.2290796091111, 18.052609670849257
328.3514887401022, 17.356052570487943
328.3583733565661, 18.041476898918617
328.0754622544756, 17.391227382151325
328.5250608032854, 17.45087534300444
328.1491767671979, 17.36045740491512
328.206913439509, 17.347520170573894
328.5750834153425, 17.889753721251047
328.573623586758, 17.8919486855427
328.1069908466058, 18.024403916585257
327.9388872362296, 17.517344591554696
328.34203900368635, 17.352423572561808
328.2558387430515, 17.343603084168986
328.1323982556846, 18.03473226067686
328.3328949738824, 18.048990528280573
328.4504450121353, 17.392849733394055
327.9171966596624, 17.554906384964053
328.01812854633897, 17.97271815426358
328.5419189592106, 17.46468483933136
328.6026304117722, 17.84454485412967
328.3401747544179, 17.350477344509674
328.0544096565804, 17.999493560547428
327.9931543868373, 17.952538382064304
328.08702036481156, 18.017983059317057
328.48651788495107, 17.985354628147537
328.4153343254423, 17.37321535453446
328.03216884713106, 17.985851395529277
328.29824422431733, 18.056529844740858
328.52434448562155, 17.444526044164057
328.392414905172, 18.035825695195527
328.1430520640267, 17.35785012114503
328.3310203262086, 18.052485271996915
328.5813824911465, 17.51218092854368
327.9365712220816, 17.886310973664703
328.57963794725066, 17.508823514462332
328.38477729868237, 17.359869408999607
328.51264735408074, 17.43229249611894
328.5475394565776, 17.933497128917452
328.6092175873829, 17.562113908706774
328.11185150990775, 17.367422981174116
327.92653956600986, 17.871975563217994
327.92811681540553, 17.875006042179137
328.45884134021264, 17.3922557450828
328.2090458188206, 18.057889285839963
327.9547071275478, 17.48440677212097
328.46568803772936, 18.003565510381982
328.22428340146985, 17.339281171531756
327.9602696807678, 17.476829955035967
328.1099429451099, 18.032861861381956
328.0956842868056, 17.372249931988172
328.13888683371516, 17.355467314541503
328.1630185179808, 18.05082888576037
327.9201028998872, 17.865263837098798
328.60251743951903, 17.540840914255764
328.07408425262315, 17.381840683788273
328.53450065832334, 17.95256300815405
328.15612569964816, 18.050302061400334
328.0450184379208, 18.001775927815263
328.58731323488564, 17.511623190723764
328.4054790330887, 18.03695844482351
328.42515650735356, 17.37049375439367
328.4075460001914, 17.36290400360469
328.4341556268846, 17.374425392721953
328.3843313254037, 17.353850026549193
328.0412039618562, 18.000790915507096
327.9571137407738, 17.473718039317635
328.447666397796, 17.380054786808227
328.12996945733204, 17.354152302733354
328.04346462304943, 18.003604604877225
328.0354761667901, 17.400960136920286
328.5174696217506, 17.426275946896112
328.1127946519033, 17.359348013826487
328.439693705532, 18.025036516397876
328.5460947222307, 17.45320195484049
328.45572261553764, 17.382362161729706
328.4268685899687, 18.031703492191692
328.49567539563634, 17.408114109452207
328.43522876704094, 18.02837268873134
328.54943743230933, 17.944282971933365
328.376050414427, 18.05151391091314
328.4287266832944, 17.36730176761651
328.11877549120317, 18.043964552991355
327.990970445438, 17.96650076779408
328.01024371112675, 17.416436201217042
328.1039348775155, 18.038401993406815
328.08428382683144, 18.029625442194273
328.17564113843395, 18.06101348093636
328.1588261440006, 18.057160883133612
328.042303221533, 17.392578874025585
328.1404797370913, 17.346460196440177
327.97992586525487, 17.958039471218058
328.1272849717193, 17.35064024021626
328.0366313794574, 18.00440057760151
328.15381395292644, 18.05708165178313
328.3449168911131, 18.061955464738674
328.34363885388706, 17.336923051231793
327.9573702820052, 17.464747950226883
328.4601529512636, 18.018447893614027
328.36671891268145, 17.342220827993494
328.3376765858367, 18.063804715752152
327.97017934128615, 17.450152229695554
327.9483910868469, 17.924687081079437
328.0725434160783, 18.026778001225214
328.4501798293834, 18.024789152304336
328.4307608534404, 18.034722927054922
328.4009137975544, 18.047522572564933
328.1061420332479, 17.356000545736393
328.5468118467447, 17.44539199149187
328.1490989168529, 17.34098844030941
327.9242782334278, 17.505325656009788
327.95249276426796, 17.933112268130717
327.97209461987563, 17.95492627444376
328.49448164309797, 17.99987913956263
327.99187325911356, 17.425401671241104
328.4203682106983, 18.04228443594988
328.10272338221154, 17.355231714844383
328.60869018365895, 17.525832552236185
328.566176223808, 17.462482401440862
327.9633731712, 17.949362117098747
327.91102324916807, 17.878874876767906
327.95803267215234, 17.455083252608432
327.91840807074334, 17.5072007351294
328.5612579175129, 17.454268999333458
328.108881405729, 17.349707726762894
328.14038932587897, 18.060557726559534
328.05506917006045, 18.024168471857895
328.49795867298076, 18.002551252521354
328.52055345498826, 17.41404509320852
328.6087641835499, 17.518793197761823
328.5770572886493, 17.4716770685163
328.55983323142937, 17.94829167442894
328.57181447271466, 17.46515675832935
328.44954202672835, 18.032829629149422
327.9299839834147, 17.486667371488448
327.9194287460193, 17.5022418358594
328.1381880119723, 17.337837311317887
328.00915657073455, 17.40355291039367
328.39246666357326, 17.34107744606497
328.47052527323456, 18.02253210361803
327.9235068619762, 17.494282536950298
328.02789576887017, 17.389622622270846
328.570595245332, 17.461076241251362
328.5167905557971, 17.99092741826213
327.9544540843848, 17.453846485127652
327.9909898106012, 17.982040636376638
328.1048517426923, 17.34825428872228
328.556352778212, 17.443622463216112
328.4585404882458, 18.031508684946058
327.96951473041037, 17.434884081100048
328.0049585006739, 17.996080448938553
328.5304031919232, 17.983422619731076
328.56180763370355, 17.953195942057427
327.98420158707404, 17.41976639662148
328.5829057344664, 17.470608658935987
328.05099924280313, 17.370858297046134
328.4705025994657, 18.027311299403063
327.9957485985955, 17.99120093825536
327.9588918540719, 17.956946505919866
328.03464237686467, 18.019606178475293
328.0844567127927, 17.352160021938502
327.9376783280663, 17.933761863354288
327.99718165520414, 17.404884010665487
328.1200885239826, 17.33623178994132
328.5452014542145, 17.974773359210396
328.06395960699797, 17.360416531297275
327.9963195168038, 17.99479978572426
328.50931490202964, 17.39386312644968
327.9668975693081, 17.430242459413254
328.00066570521454, 17.999550601078603
328.51535686418254, 18.002794413041237
327.9552878096097, 17.959513102444866
328.41299062513866, 18.060663147173
328.49150473783413, 18.02094700193356
328.4414509333217, 17.350170503764662
328.4681032633944, 18.0355015433369
327.92159655520743, 17.47918677407538
328.01638324041573, 18.01393052710322
328.4307330734536, 17.345032128911935
328.53537768615337, 17.41074980955813
327.98910020041467, 17.994140470868498
328.5509539901974, 17.424213342771324
327.94258427355015, 17.948752205382714
328.0214601040562, 18.018627663472294
328.0017173787864, 18.004809609517444
328.43810073562094, 17.346954375289048
328.5536454739325, 17.97357994635737
328.05088859910546, 18.0374153529679
328.098960170964, 18.06050260884352
327.93387627708154, 17.45991289627043
328.5479660917756, 17.97960311710666
327.9863532942688, 17.993968590463087
328.5053189868305, 18.015064831332744
328.50610101783536, 17.384422292510948
327.96186954814135, 17.97393837163018
328.5331545514706, 17.403917287805733
327.986663003053, 17.9964314702977
328.02964144443035, 17.371674203135044
328.50317487259923, 17.380836660791605
328.4971660981807, 17.37575455625875
328.5650923414549, 17.967185292278046
327.98434403779953, 17.403834344820357
328.01350212811224, 17.381329810574087
327.9824943739667, 17.40463979253086
328.5325760418869, 17.401033528677583
328.5642979271155, 17.970548869718844
328.47322662408345, 17.358170267766926
327.969125839164, 17.98561279700183
327.92270078724806, 17.93549101238129
328.57608120488294, 17.439345031786235
328.5721232308592, 17.96473963184699
328.0372173164381, 18.03753943321251
327.99839096716494, 17.387970153827325
328.457866066617, 17.34802353623328
327.92273499065936, 17.938296940285454
328.51340743077077, 18.017991262367133
328.54332761244666, 17.99420445014952
328.0542494294844, 17.35045275740782
328.56649500529016, 17.973606166273424
328.4610002450428, 17.347615468090247
328.45124425525944, 17.34246620451317
327.92207944755654, 17.458772325314033
328.51829118450166, 18.018126360375078
328.5340276550441, 17.39360100681916
328.45037218753566, 17.340384427460343
328.0721575041005, 17.338112840278185
328.5290974251775, 18.010945547960844
328.5800086854143, 17.963870892427277
328.0547303418506, 17.34626390106759
328.52135652515244, 17.38219120081088
327.94865780891445, 17.424878712652664
327.9214663344335, 17.94436282354472
328.0358666706035, 17.35555719127976
328.5234603430095, 17.38171011987578
327.93588027040187, 17.963896416515567
328.4956953797794, 17.36193490691841
328.03793615296195, 17.352934731991052
328.4527179215656, 18.061636292992564
327.91858859634266, 17.943896716194768
328.4841197203869, 17.353923819740803
328.4598823637504, 17.34031311955647
328.054084191789, 18.057025108317227
328.58594960561464, 17.962970389871796
328.5117573479781, 18.02872099409866
327.95389289814403, 17.985295412941255
327.91642070132275, 17.944191237183546
327.9639284958699, 17.40446191062642
328.0053434499986, 18.028857737985355
327.9384520369829, 17.97284163322306
327.9226066170946, 17.95500692943938
328.02645615842505, 17.35402179971325
328.5562690138998, 17.997953580361198
327.94704190658956, 17.983410936958162
328.03648639737065, 17.347239442340683
327.91298236736276, 17.945926235132507
328.05480977506585, 18.062353680755507
328.5124758248765, 18.033604820060297
327.9843827545305, 18.017625794827268
327.9182302948598, 17.446830357931113
328.55354057268033, 18.002125544281345
328.5571478271261, 17.40036636925431
327.9474180301567, 17.985871686231945
328.5784819653797, 17.41938183511477
328.53043885476103, 18.022903704657526
328.0027294771822, 17.365600973512954
327.946993380287, 17.40994062134375
328.52273737057175, 18.031106785316393
328.5769192101309, 17.985167761067498
328.49039262739973, 17.34557537772352
328.57937059706626, 17.414980391095664
328.52742902088585, 17.369625019136315
327.99165779859857, 18.030546225928436
328.0380925824294, 17.33905186138255
328.0015883232986, 17.3613257385382
328.0423189403078, 18.06341878763049
328.5030732282648, 18.04883031422946
327.9775526828431, 17.377692394206367
327.95189034327655, 17.398977145607677
328.59134538447336, 17.976846490329745
327.9699140905406, 17.38201438988258
327.97563188311517, 18.023434609832258
328.51297173747906, 17.35387549203639
327.9562662419343, 17.390942643110495
327.9947664328415, 17.359103171853178
328.55084240549576, 18.02048400066471
327.9907065229216, 18.038145604250104
328.01996183975393, 18.057537988172722
328.02274807486924, 17.339957160197578
328.5838556008303, 17.991822723838762
327.925897099624, 17.9824563260245
328.5261394776559, 17.35758806473696
328.00906433287776, 18.05294451244034
327.9661869463141, 18.02393100773552
328.58515549494587, 17.405065764730292
327.9738182281825, 17.369008369151178
327.958315238936, 17.38130107155858
328.5832684589374, 17.401070293853422
328.0080053094099, 17.3416219157078
328.0073492818961, 18.05750668125575
328.53619098964936, 17.35810885415076
327.96345260621536, 18.02654922225822
328.565797015648, 18.018648528501508
328.5626219516011, 17.377258985081117
328.56993164540523, 17.38339503328309
328.5467724877605, 17.363674432795303
328.5515855398747, 17.367187505646573
328.5881749408777, 17.999919375201074
327.9881318484865, 18.04888394740981
327.9107941955367, 17.98040034476102
327.9266883919196, 17.999892913198345
327.98144404138884, 18.046863800413462
327.94595839892366, 17.379179525882034
327.9738476361955, 17.35608171065457
327.9789656048481, 17.35167439178203
328.5870645780275, 17.38928110418102
328.5397309354442, 17.348871527479478
327.9245847295139, 17.395468729669098
327.9796720976286, 18.051118694502456
328.56176589489365, 17.363836828494897
328.5862368733345, 18.014959956633657
327.9122364711497, 17.404959003451502
327.97783731728015, 18.054002193160827
328.6064795964176, 17.99741502755533
328.58288104996177, 17.376254475506574
328.6025989982851, 18.00478362916689
328.5795194918458, 18.026954985337746
328.5919653751504, 18.0168090074353
328.583231500148, 17.37151843124189
327.93701016922563, 18.03063732595071
328.58523818244214, 17.3715706963853
328.5847870618022, 18.029647862259978
328.585372505075, 17.368725564670882
328.58569507947215, 18.033388099416666
327.9203038765604, 17.37593055336301
328.6085543764539, 18.01547453595257
328.5607839558944, 18.059594495994645
327.94482699944194, 18.050816246137643
328.5810900263664, 18.046184077683016
328.5790606245016, 17.34991173710752
328.57589018597565, 17.346517813886717
328.60039076201247, 17.36771520752102
328.59796770314637, 17.365053253457297
327.9350251872418, 18.052841712042703
328.59655848481253, 17.35212434025012
327.9159747717141, 17.35095824404011
328.5982407892407, 17.34401659659465
328.6083888452445, 17.35099292991176
328.6038297042933, 17.335899994423933
